{"created_timestamp": "2020-07-14 11:17:06.626474", "camera_resolution": [2704, 1520], "cameras": [{"k": [[1239.734301643185, 0.0, 1345.6656873020534], [0.0, 1238.6767415364864, 772.857231264526], [0.0, 0.0, 1.0]], "d": [[0.03743898455870094], [0.04784376818211986], [-0.03758546926131943], [0.010781487471488252]], "r": [[1.0, 0.0, 0.0], [0.0, 0.0, -1.0], [0.0, 1.0, 0.0]], "t": [[0.0], [0.0], [0.0]]}, {"k": [[1239.734301643185, 0.0, 1345.6656873020534], [0.0, 1238.6767415364864, 772.857231264526], [0.0, 0.0, 1.0]], "d": [[0.03743898455870094], [0.04784376818211986], [-0.03758546926131943], [0.010781487471488252]], "r": [[0.813234146022812, 0.5812904731620284, 0.027415498419923325], [0.03090214284336276, 0.003907715883670685, -0.9995147759409367], [-0.5811155490177803, 0.8136867428978043, -0.014785233245582223]], "t": [[-4.869355895033013], [0.11736897668654728], [0.2458825341835349]]}, {"k": [[1239.734301643185, 0.0, 1345.6656873020534], [0.0, 1238.6767415364864, 772.857231264526], [0.0, 0.0, 1.0]], "d": [[0.03743898455870094], [0.04784376818211986], [-0.03758546926131943], [0.010781487471488252]], "r": [[0.5823412588988115, 0.8121411795652552, 0.03612980263581418], [0.07766989589890053, -0.0113429257666307, -0.9969146028151593], [-0.8092255837868704, 0.5833507028275601, -0.06968437454257914]], "t": [[-9.010027994263439], [-0.0977067000391575], [4.149993580076301]]}, {"k": [[1239.734301643185, 0.0, 1345.6656873020534], [0.0, 1238.6767415364864, 772.857231264526], [0.0, 0.0, 1.0]], "d": [[0.03743898455870094], [0.04784376818211986], [-0.03758546926131943], [0.010781487471488252]], "r": [[-0.9940600974167368, -0.10122478616369762, 0.03997581005985041], [-0.043606018641958025, 0.03390697328877143, -0.9984732506685353], [0.09971478256519845, -0.9942856027462672, -0.038119579083025254]], "t": [[5.174171490330144], [0.24561495692899826], [12.541623905921742]]}, {"k": [[1239.734301643185, 0.0, 1345.6656873020534], [0.0, 1238.6767415364864, 772.857231264526], [0.0, 0.0, 1.0]], "d": [[0.03743898455870094], [0.04784376818211986], [-0.03758546926131943], [0.010781487471488252]], "r": [[-0.8364898771238353, -0.543423797349468, -0.07053553674308324], [0.057917136794174054, 0.040323175072928735, -0.9975067151741902], [0.5449131038385073, -0.8384894859366586, -0.0022563773536984147]], "t": [[5.24755214839115], [-0.03291065946135646], [9.139792889714144]]}, {"k": [[1239.734301643185, 0.0, 1345.6656873020534], [0.0, 1238.6767415364864, 772.857231264526], [0.0, 0.0, 1.0]], "d": [[0.03743898455870094], [0.04784376818211986], [-0.03758546926131943], [0.010781487471488252]], "r": [[-0.3284690825985141, -0.9433384480975765, -0.04712360467691034], [0.07641192409710652, 0.023188039014764683, -0.9968066676655147], [0.9414187589126681, -0.3310209769599279, 0.06446575199147596]], "t": [[5.388185873836262], [0.2969234447377742], [6.70799788411248]]}]}