{
 "cells": [
  {
   "cell_type": "markdown",
   "metadata": {},
   "source": [
    "# Experiments"
   ]
  },
  {
   "cell_type": "code",
   "execution_count": 11,
   "metadata": {},
   "outputs": [],
   "source": [
    "%reload_ext autoreload\n",
    "%autoreload 2"
   ]
  },
  {
   "cell_type": "markdown",
   "metadata": {},
   "source": [
    "## The Structure of `points_{i}.json`"
   ]
  },
  {
   "cell_type": "code",
   "execution_count": 2,
   "metadata": {},
   "outputs": [
    {
     "name": "stdout",
     "output_type": "stream",
     "text": [
      "dict_keys(['created_timestamp', 'board_shape', 'board_edge_len', 'camera_resolution', 'points'])\n"
     ]
    }
   ],
   "source": [
    "from pprint import pprint\n",
    "import json\n",
    "\n",
    "# load data\n",
    "points_json_path = '../data/07_03_2019/extrinsic_calibration/points/points_1.json'\n",
    "with open(points_json_path) as f:\n",
    "    points_data = json.load(f)\n",
    "    \n",
    "pprint(points_data.keys())"
   ]
  },
  {
   "cell_type": "code",
   "execution_count": 3,
   "metadata": {},
   "outputs": [
    {
     "name": "stdout",
     "output_type": "stream",
     "text": [
      "[2704, 1520]\n",
      "[9, 6]\n",
      "0.088\n",
      "'2020-07-13 02:14:37.337370'\n"
     ]
    }
   ],
   "source": [
    "pprint(points_data['camera_resolution'])\n",
    "pprint(points_data['board_shape'])\n",
    "pprint(points_data['board_edge_len'])\n",
    "pprint(points_data['created_timestamp'])"
   ]
  },
  {
   "cell_type": "code",
   "execution_count": 4,
   "metadata": {},
   "outputs": [
    {
     "name": "stdout",
     "output_type": "stream",
     "text": [
      "'img00001.jpg: (9, 6, 2)'\n",
      "array([[[1750.86230469,  734.2477417 ],\n",
      "        [1766.11193848,  737.40435791],\n",
      "        [1783.21447754,  739.38000488],\n",
      "        [1798.68786621,  740.45635986],\n",
      "        [1813.7421875 ,  742.74676514],\n",
      "        [1830.02331543,  745.2467041 ]],\n",
      "\n",
      "       [[1845.24279785,  747.25390625],\n",
      "        [1861.40722656,  748.89904785],\n",
      "        [1876.36157227,  751.03137207],\n",
      "        [1748.76696777,  751.25909424],\n",
      "        [1765.60778809,  753.50256348],\n",
      "        [1781.38659668,  754.59082031]],\n",
      "\n",
      "       [[1795.54125977,  756.25024414],\n",
      "        [1812.28613281,  758.7276001 ],\n",
      "        [1826.62365723,  760.50897217],\n",
      "        [1842.83178711,  762.61260986],\n",
      "        [1857.6920166 ,  764.75292969],\n",
      "        [1872.63354492,  766.91711426]],\n",
      "\n",
      "       [[1746.54577637,  766.96899414],\n",
      "        [1761.67858887,  769.56994629],\n",
      "        [1777.79418945,  771.30657959],\n",
      "        [1793.64099121,  773.31744385],\n",
      "        [1809.29553223,  775.12854004],\n",
      "        [1825.25305176,  777.14709473]],\n",
      "\n",
      "       [[1840.6484375 ,  779.378479  ],\n",
      "        [1855.6595459 ,  781.26538086],\n",
      "        [1871.16784668,  783.41711426],\n",
      "        [1744.03527832,  783.10479736],\n",
      "        [1760.30749512,  785.23773193],\n",
      "        [1774.74169922,  787.56182861]],\n",
      "\n",
      "       [[1790.76074219,  788.74731445],\n",
      "        [1806.40185547,  791.13745117],\n",
      "        [1822.55102539,  793.79364014],\n",
      "        [1836.96984863,  795.2333374 ],\n",
      "        [1853.17810059,  796.70788574],\n",
      "        [1867.5994873 ,  799.1539917 ]],\n",
      "\n",
      "       [[1741.53869629,  799.51428223],\n",
      "        [1757.19750977,  801.56768799],\n",
      "        [1773.09765625,  803.5145874 ],\n",
      "        [1788.47875977,  805.70422363],\n",
      "        [1804.08520508,  807.37133789],\n",
      "        [1818.75537109,  809.19525146]],\n",
      "\n",
      "       [[1835.11962891,  811.38482666],\n",
      "        [1849.18652344,  813.62255859],\n",
      "        [1864.97351074,  814.76043701],\n",
      "        [1739.32446289,  815.54333496],\n",
      "        [1754.36999512,  817.5256958 ],\n",
      "        [1770.52319336,  819.28955078]],\n",
      "\n",
      "       [[1786.14709473,  821.01409912],\n",
      "        [1800.38208008,  823.42840576],\n",
      "        [1817.32092285,  825.14123535],\n",
      "        [1831.79956055,  827.21917725],\n",
      "        [1846.35681152,  828.40649414],\n",
      "        [1861.65441895,  831.32946777]]])\n"
     ]
    }
   ],
   "source": [
    "import numpy as np\n",
    "\n",
    "for img_name, v in points_data['points'].items():\n",
    "    points_a_img = np.array(v)\n",
    "    pprint('{}: {}'.format(img_name, points_a_img.shape))\n",
    "    pprint(points_a_img)\n",
    "    break"
   ]
  },
  {
   "cell_type": "markdown",
   "metadata": {},
   "source": [
    "## The Structure of `scene.json`"
   ]
  },
  {
   "cell_type": "code",
   "execution_count": 44,
   "metadata": {},
   "outputs": [
    {
     "name": "stdout",
     "output_type": "stream",
     "text": [
      "dict_keys(['created_timestamp', 'camera_resolution', 'cameras'])\n"
     ]
    }
   ],
   "source": [
    "from pprint import pprint\n",
    "import json\n",
    "\n",
    "# load data\n",
    "points_json_path = '../data/27_02_2019/extrinsic_calibration/scene.json'\n",
    "with open(points_json_path) as f:\n",
    "    points_data = json.load(f)\n",
    "    \n",
    "pprint(points_data.keys())"
   ]
  },
  {
   "cell_type": "code",
   "execution_count": 45,
   "metadata": {},
   "outputs": [
    {
     "name": "stdout",
     "output_type": "stream",
     "text": [
      "[2704, 1520]\n",
      "[{'d': [[0.03743898455870094],\n",
      "        [0.04784376818211986],\n",
      "        [-0.03758546926131943],\n",
      "        [0.010781487471488252]],\n",
      "  'k': [[1239.734301643185, 0.0, 1345.6656873020534],\n",
      "        [0.0, 1238.6767415364864, 772.857231264526],\n",
      "        [0.0, 0.0, 1.0]],\n",
      "  'r': [[1.0, 0.0, 0.0], [0.0, 0.0, -1.0], [0.0, 1.0, 0.0]],\n",
      "  't': [[0.0], [0.0], [0.0]]},\n",
      " {'d': [[0.03743898455870094],\n",
      "        [0.04784376818211986],\n",
      "        [-0.03758546926131943],\n",
      "        [0.010781487471488252]],\n",
      "  'k': [[1239.734301643185, 0.0, 1345.6656873020534],\n",
      "        [0.0, 1238.6767415364864, 772.857231264526],\n",
      "        [0.0, 0.0, 1.0]],\n",
      "  'r': [[0.9719820679700437, 0.2225043565264481, 0.07578041218829916],\n",
      "        [0.08228589145252886, -0.020100054232543067, -0.9964060517117063],\n",
      "        [-0.2201814969804227, 0.9747244734521648, -0.03784586160810736]],\n",
      "  't': [[-6.208764337856968], [0.04808523944230497], [-0.6165180276606337]]},\n",
      " {'d': [[0.03743898455870094],\n",
      "        [0.04784376818211986],\n",
      "        [-0.03758546926131943],\n",
      "        [0.010781487471488252]],\n",
      "  'k': [[1239.734301643185, 0.0, 1345.6656873020534],\n",
      "        [0.0, 1238.6767415364864, 772.857231264526],\n",
      "        [0.0, 0.0, 1.0]],\n",
      "  'r': [[0.8363195965689091, 0.5427446179286868, 0.07744554283017856],\n",
      "        [0.11153586102044193, -0.030129627358429473, -0.9933035574594863],\n",
      "        [-0.5367767544345097, 0.839357185746739, -0.08573348607206019]],\n",
      "  't': [[-11.348532931411619], [-0.41513066271849575], [3.0956979937369424]]},\n",
      " {'d': [[0.03743898455870094],\n",
      "        [0.04784376818211986],\n",
      "        [-0.03758546926131943],\n",
      "        [0.010781487471488252]],\n",
      "  'k': [[1239.734301643185, 0.0, 1345.6656873020534],\n",
      "        [0.0, 1238.6767415364864, 772.857231264526],\n",
      "        [0.0, 0.0, 1.0]],\n",
      "  'r': [[-0.9940600974167368, -0.10122478616369762, 0.03997581005985041],\n",
      "        [-0.043606018641958025, 0.03390697328877143, -0.9984732506685353],\n",
      "        [0.09971478256519845, -0.9942856027462672, -0.038119579083025254]],\n",
      "  't': [[5.174171490330144], [0.24561495692899826], [12.541623905921742]]},\n",
      " {'d': [[0.03743898455870094],\n",
      "        [0.04784376818211986],\n",
      "        [-0.03758546926131943],\n",
      "        [0.010781487471488252]],\n",
      "  'k': [[1239.734301643185, 0.0, 1345.6656873020534],\n",
      "        [0.0, 1238.6767415364864, 772.857231264526],\n",
      "        [0.0, 0.0, 1.0]],\n",
      "  'r': [[-0.9605026115854172, -0.27735143013085767, 0.02260348074879312],\n",
      "        [-0.03833284374823335, 0.05142160033568409, -0.997941086492129],\n",
      "        [0.27561808037167435, -0.9593914754797882, -0.0600222504488814]],\n",
      "  't': [[2.122769844380347], [0.053205680566235994], [11.08378181493902]]},\n",
      " {'d': [[0.03743898455870094],\n",
      "        [0.04784376818211986],\n",
      "        [-0.03758546926131943],\n",
      "        [0.010781487471488252]],\n",
      "  'k': [[1239.734301643185, 0.0, 1345.6656873020534],\n",
      "        [0.0, 1238.6767415364864, 772.857231264526],\n",
      "        [0.0, 0.0, 1.0]],\n",
      "  'r': [[-0.7632545321529234, -0.6443671245460693, 0.04726021532168664],\n",
      "        [-0.09478817318716071, 0.03932042971564872, -0.9947206170733658],\n",
      "        [0.6391069717753538, -0.7637047286819737, -0.091089878784255]],\n",
      "  't': [[0.5863511360420768], [-0.1733643506246629], [11.455604626669128]]}]\n"
     ]
    }
   ],
   "source": [
    "pprint(points_data['camera_resolution'])\n",
    "pprint(points_data['cameras'])"
   ]
  },
  {
   "cell_type": "markdown",
   "metadata": {},
   "source": [
    "## The Structure of `scene_sba.json`"
   ]
  },
  {
   "cell_type": "code",
   "execution_count": 2,
   "metadata": {},
   "outputs": [
    {
     "name": "stdout",
     "output_type": "stream",
     "text": [
      "dict_keys(['created_timestamp', 'camera_resolution', 'cameras'])\n"
     ]
    }
   ],
   "source": [
    "from pprint import pprint\n",
    "import json\n",
    "\n",
    "# load data\n",
    "scene_sba_json_path = '../data/27_02_2019/extrinsic_calibration/scene_sba.json'\n",
    "with open(scene_sba_json_path) as f:\n",
    "    scene_sba = json.load(f)\n",
    "    \n",
    "pprint(scene_sba.keys())"
   ]
  },
  {
   "cell_type": "code",
   "execution_count": 4,
   "metadata": {},
   "outputs": [
    {
     "name": "stdout",
     "output_type": "stream",
     "text": [
      "[{'d': [[0.03743898455870094],\n",
      "        [0.04784376818211986],\n",
      "        [-0.03758546926131943],\n",
      "        [0.010781487471488252]],\n",
      "  'k': [[1239.734301643185, 0.0, 1345.6656873020534],\n",
      "        [0.0, 1238.6767415364864, 772.857231264526],\n",
      "        [0.0, 0.0, 1.0]],\n",
      "  'r': [[1.0, -5.1086308649931915e-15, 3.262779708392339e-14],\n",
      "        [3.2627797083923404e-14, 2.7257675990579326e-15, -1.0],\n",
      "        [5.1086308649931e-15, 1.0, 2.7257675990580994e-15]],\n",
      "  't': [[0.0], [2.0765062910099078e-15], [7.966417435842415e-16]]},\n",
      " {'d': [[0.03743898455870094],\n",
      "        [0.04784376818211986],\n",
      "        [-0.03758546926131943],\n",
      "        [0.010781487471488252]],\n",
      "  'k': [[1239.734301643185, 0.0, 1345.6656873020534],\n",
      "        [0.0, 1238.6767415364864, 772.857231264526],\n",
      "        [0.0, 0.0, 1.0]],\n",
      "  'r': [[0.9719820679700436, 0.22250435652644807, 0.07578041218829917],\n",
      "        [0.08228589145252883, -0.020100054232542994, -0.9964060517117062],\n",
      "        [-0.22018149698042266, 0.9747244734521647, -0.037845861608107254]],\n",
      "  't': [[-6.208764337856968], [0.04808523944230497], [-0.6165180276606378]]},\n",
      " {'d': [[0.03743898455870094],\n",
      "        [0.04784376818211986],\n",
      "        [-0.03758546926131943],\n",
      "        [0.010781487471488252]],\n",
      "  'k': [[1239.734301643185, 0.0, 1345.6656873020534],\n",
      "        [0.0, 1238.6767415364864, 772.857231264526],\n",
      "        [0.0, 0.0, 1.0]],\n",
      "  'r': [[0.8363195965689123, 0.5427446179286831, 0.07744554283017208],\n",
      "        [0.11153586102044064, -0.030129627358440103, -0.9933035574594862],\n",
      "        [-0.5367767544345052, 0.8393571857467412, -0.085733486072068]],\n",
      "  't': [[-11.348532931411619], [-0.4151306627184638], [3.095697993736971]]},\n",
      " {'d': [[0.03743898455870094],\n",
      "        [0.04784376818211986],\n",
      "        [-0.03758546926131943],\n",
      "        [0.010781487471488252]],\n",
      "  'k': [[1239.734301643185, 0.0, 1345.6656873020534],\n",
      "        [0.0, 1238.6767415364864, 772.857231264526],\n",
      "        [0.0, 0.0, 1.0]],\n",
      "  'r': [[-0.9940600974167377, -0.10122478616369154, 0.03997581005984527],\n",
      "        [-0.04360601864195307, 0.033906973288775566, -0.9984732506685355],\n",
      "        [0.09971478256519214, -0.994285602746268, -0.03811957908302843]],\n",
      "  't': [[5.174171490330144], [0.24561495692899826], [12.541623905922037]]},\n",
      " {'d': [[0.03743898455870094],\n",
      "        [0.04784376818211986],\n",
      "        [-0.03758546926131943],\n",
      "        [0.010781487471488252]],\n",
      "  'k': [[1239.734301643185, 0.0, 1345.6656873020534],\n",
      "        [0.0, 1238.6767415364864, 772.857231264526],\n",
      "        [0.0, 0.0, 1.0]],\n",
      "  'r': [[-0.9605026115854788, -0.27735143013062974, 0.02260348074897353],\n",
      "        [-0.03833284374848667, 0.05142160033596499, -0.9979410864921047],\n",
      "        [0.2756180803714243, -0.959391475479839, -0.06002225044921572]],\n",
      "  't': [[2.122769844380347], [0.053205680566235994], [11.083781814939188]]},\n",
      " {'d': [[0.03743898455870094],\n",
      "        [0.04784376818211986],\n",
      "        [-0.03758546926131943],\n",
      "        [0.010781487471488252]],\n",
      "  'k': [[1239.734301643185, 0.0, 1345.6656873020534],\n",
      "        [0.0, 1238.6767415364864, 772.857231264526],\n",
      "        [0.0, 0.0, 1.0]],\n",
      "  'r': [[-0.7632545321528844, -0.6443671245461187, 0.04726021532164715],\n",
      "        [-0.09478817318710997, 0.03932042971564076, -0.9947206170733712],\n",
      "        [0.639106971775408, -0.7637047286819328, -0.09108987878421881]],\n",
      "  't': [[0.5863511360420828], [-0.17336435062466315], [11.455604626668668]]}]\n"
     ]
    }
   ],
   "source": [
    "pprint(scene_sba['cameras'])"
   ]
  },
  {
   "cell_type": "markdown",
   "metadata": {},
   "source": [
    "## Parewise-Extrinsic Calibration with Dummy Scene Data"
   ]
  },
  {
   "cell_type": "code",
   "execution_count": 3,
   "metadata": {},
   "outputs": [
    {
     "name": "stdout",
     "output_type": "stream",
     "text": [
      "No corresponding points between img_pts at index 2 and 3\n",
      "Instead of that dummy_R[3] and dummy_T[3] were used\n",
      "[array([[ 1.,  0.,  0.],\n",
      "       [ 0.,  0., -1.],\n",
      "       [ 0.,  1.,  0.]], dtype=float32),\n",
      " array([[ 0.97198207,  0.22250436,  0.07578041],\n",
      "       [ 0.08228589, -0.02010005, -0.99640605],\n",
      "       [-0.2201815 ,  0.97472447, -0.03784586]]),\n",
      " array([[ 0.8363196 ,  0.54274462,  0.07744554],\n",
      "       [ 0.11153586, -0.03012963, -0.99330356],\n",
      "       [-0.53677675,  0.83935719, -0.08573349]]),\n",
      " array([[-0.9940601 , -0.10122479,  0.03997581],\n",
      "       [-0.04360602,  0.03390697, -0.99847325],\n",
      "       [ 0.09971478, -0.9942856 , -0.03811958]]),\n",
      " array([[-0.96050261, -0.27735143,  0.02260348],\n",
      "       [-0.03833284,  0.0514216 , -0.99794109],\n",
      "       [ 0.27561808, -0.95939148, -0.06002225]]),\n",
      " array([[-0.76325453, -0.64436712,  0.04726022],\n",
      "       [-0.09478817,  0.03932043, -0.99472062],\n",
      "       [ 0.63910697, -0.76370473, -0.09108988]])]\n",
      "[array([[0.],\n",
      "       [0.],\n",
      "       [0.]], dtype=float32),\n",
      " array([[-6.20876434],\n",
      "       [ 0.04808524],\n",
      "       [-0.61651803]]),\n",
      " array([[-11.34853293],\n",
      "       [ -0.41513066],\n",
      "       [  3.09569799]]),\n",
      " array([[ 5.17417149],\n",
      "       [ 0.24561496],\n",
      "       [12.54162391]]),\n",
      " array([[ 2.12276984],\n",
      "       [ 0.05320568],\n",
      "       [11.08378181]]),\n",
      " array([[ 0.58635114],\n",
      "       [-0.17336435],\n",
      "       [11.45560463]])]\n"
     ]
    },
    {
     "ename": "SystemExit",
     "evalue": "1",
     "output_type": "error",
     "traceback": [
      "An exception has occurred, use %tb to see the full traceback.\n",
      "\u001b[0;31mSystemExit\u001b[0m\u001b[0;31m:\u001b[0m 1\n"
     ]
    }
   ],
   "source": [
    "import os\n",
    "import sys\n",
    "import glob\n",
    "from pprint import pprint\n",
    "import numpy as np\n",
    "import cv2\n",
    "sys.path.append('./Calib')\n",
    "from calib import calib, app\n",
    "\n",
    "\n",
    "DATA_ROOT_DIR = '../data'\n",
    "CONFIG_DIR = os.path.abspath('../configs')\n",
    "INTRINSIC_DATA_DIR = os.path.join(DATA_ROOT_DIR, 'intrinsic_calibration')\n",
    "\n",
    "\n",
    "NUM_CAMERA = 6\n",
    "\n",
    "# generate dir paths including extrinsic calibration videos\n",
    "day_paths = glob.glob(os.path.join(DATA_ROOT_DIR, '??_??_20??'))\n",
    "extrinsic_data_paths = []\n",
    "for day_path in day_paths:\n",
    "    extrinsic_data_paths.append(\n",
    "        os.path.join(day_path, 'extrinsic_calibration')\n",
    "    )\n",
    "# pprint(extrinsic_data_paths)\n",
    "\n",
    "extrinsic_data_path = extrinsic_data_paths[2]\n",
    "# print(extrinsic_data_path)\n",
    "\n",
    "\n",
    "# Get paths of the calibration videos\n",
    "calib_video_path = os.path.join(extrinsic_data_path, 'videos')\n",
    "calib_vids = sorted(glob.glob(os.path.join(calib_video_path, '*.mp4')))\n",
    "assert len(calib_vids) == NUM_CAMERA, 'expect {} camera videos but the number of videos is {}'.format(\n",
    "    NUM_CAMERA, len(calib_vids)\n",
    ")\n",
    "# pprint(calib_vids)\n",
    "\n",
    "\n",
    "\n",
    "camera_fpaths = [os.path.join(INTRINSIC_DATA_DIR, \"camera.json\") for _ in range(NUM_CAMERA)]\n",
    "points_fpaths = [os.path.join(extrinsic_data_path, f\"points/points_{i+1}.json\") for i in range(NUM_CAMERA)]\n",
    "scene_fpath = os.path.join(extrinsic_data_path, \"scene.json\")\n",
    "app.calibrate_fisheye_extrinsics_pairwise(\n",
    "    camera_fpaths, points_fpaths, \n",
    "    out_fpath=scene_fpath,\n",
    "    dummy_scene_path=os.path.join(CONFIG_DIR, 'dummy_scene.json'),\n",
    "    start_camera_i=0\n",
    ")"
   ]
  },
  {
   "cell_type": "markdown",
   "metadata": {},
   "source": [
    "## SBA with Pre-Difined Points"
   ]
  },
  {
   "cell_type": "code",
   "execution_count": 43,
   "metadata": {},
   "outputs": [
    {
     "name": "stdout",
     "output_type": "stream",
     "text": [
      "   Iteration     Total nfev        Cost      Cost reduction    Step norm     Optimality   \n",
      "       0              1         5.7423e+03                                    4.12e+05    \n",
      "       1             19         5.7423e+03      4.02e-02       8.13e+00       4.12e+05    \n",
      "       2             21         5.7373e+03      4.99e+00       5.04e-01       4.12e+05    \n",
      "       3             22         5.7273e+03      9.98e+00       1.15e-01       4.12e+05    \n",
      "       4             23         5.7227e+03      4.62e+00       3.30e-01       4.12e+05    \n",
      "       5             24         5.7201e+03      2.58e+00       4.98e-02       4.12e+05    \n",
      "       6             25         5.7164e+03      3.73e+00       6.11e-02       4.12e+05    \n",
      "       7             26         5.7133e+03      3.11e+00       6.63e-02       4.12e+05    \n",
      "       8             27         5.7106e+03      2.70e+00       7.19e-02       4.13e+05    \n",
      "       9             28         5.7095e+03      1.12e+00       6.71e-02       4.12e+05    \n",
      "      10             29         5.7081e+03      1.41e+00       2.06e-02       4.13e+05    \n",
      "      11             30         5.7058e+03      2.22e+00       3.71e-02       4.12e+05    \n",
      "      12             32         5.7043e+03      1.53e+00       2.16e-02       4.12e+05    \n",
      "      13             34         5.7037e+03      6.13e-01       5.32e-03       4.12e+05    \n",
      "      14             35         5.7031e+03      6.17e-01       1.70e-02       4.12e+05    \n",
      "      15             36         5.7017e+03      1.34e+00       3.52e-02       4.12e+05    \n",
      "      16             37         5.6995e+03      2.21e+00       4.95e-02       4.12e+05    \n",
      "      17             38         5.6964e+03      3.12e+00       1.29e-01       4.12e+05    \n",
      "      18             39         5.6930e+03      3.41e+00       2.58e-01       4.13e+05    \n",
      "      19             40         5.6845e+03      8.47e+00       2.33e-01       4.12e+05    \n",
      "      20             42         5.6845e+03      2.35e-02       1.38e-01       4.12e+05    \n",
      "      21             43         5.6831e+03      1.45e+00       3.56e-02       4.12e+05    \n",
      "      22             44         5.6821e+03      9.60e-01       2.16e-02       4.12e+05    \n",
      "      23             45         5.6808e+03      1.34e+00       2.30e-02       4.12e+05    \n",
      "      24             46         5.6794e+03      1.36e+00       2.43e-02       4.12e+05    \n",
      "      25             47         5.6780e+03      1.45e+00       2.02e-02       4.12e+05    \n",
      "      26             48         5.6759e+03      2.07e+00       2.09e-02       4.12e+05    \n",
      "      27             49         5.6754e+03      4.69e-01       1.72e-02       4.12e+05    \n",
      "      28             50         5.6749e+03      5.53e-01       4.65e-03       4.12e+05    \n",
      "      29             51         5.6744e+03      4.12e-01       1.23e-02       4.12e+05    \n",
      "      30             52         5.6733e+03      1.18e+00       2.17e-02       4.12e+05    \n",
      "      31             54         5.6728e+03      5.03e-01       6.87e-03       4.12e+05    \n",
      "      32             55         5.6725e+03      2.97e-01       2.04e-02       4.12e+05    \n",
      "      33             56         5.6717e+03      7.34e-01       4.15e-02       4.12e+05    \n",
      "      34             57         5.6707e+03      1.02e+00       8.64e-02       4.12e+05    \n",
      "      35             59         5.6699e+03      8.15e-01       2.18e-02       4.12e+05    \n",
      "      36             60         5.6696e+03      3.21e-01       2.93e-02       4.12e+05    \n",
      "      37             61         5.6689e+03      6.68e-01       5.81e-02       4.12e+05    \n",
      "      38             62         5.6674e+03      1.46e+00       1.14e-01       4.12e+05    \n",
      "      39             63         5.6633e+03      4.15e+00       2.14e-01       4.12e+05    \n",
      "      40             65         5.6620e+03      1.29e+00       6.99e-02       4.12e+05    \n",
      "      41             66         5.6608e+03      1.19e+00       8.19e-02       4.12e+05    \n",
      "      42             67         5.6599e+03      8.73e-01       9.70e-02       4.12e+05    \n",
      "      43             68         5.6594e+03      5.28e-01       9.15e-02       4.12e+05    \n",
      "      44             69         5.6588e+03      6.07e-01       2.55e-02       4.12e+05    \n",
      "      45             70         5.6581e+03      7.54e-01       4.49e-02       4.12e+05    \n",
      "      46             71         5.6573e+03      7.62e-01       7.12e-02       4.12e+05    \n",
      "      47             72         5.6555e+03      1.81e+00       1.35e-01       4.12e+05    \n",
      "      48             73         5.6519e+03      3.60e+00       2.25e-01       4.12e+05    \n",
      "      49             74         5.6496e+03      2.26e+00       2.16e-01       4.12e+05    \n",
      "      50             76         5.6472e+03      2.37e+00       3.61e-02       4.12e+05    \n",
      "      51             79         5.6466e+03      6.22e-01       1.97e-03       4.12e+05    \n",
      "      52             80         5.6465e+03      1.61e-01       3.06e-02       4.12e+05    \n",
      "      53             81         5.6461e+03      3.52e-01       6.01e-02       4.12e+05    \n",
      "      54             82         5.6452e+03      9.28e-01       1.14e-01       4.12e+05    \n",
      "      55             83         5.6450e+03      1.95e-01       1.79e-01       4.12e+05    \n",
      "      56             84         5.6442e+03      8.08e-01       4.52e-02       4.12e+05    \n",
      "      57             85         5.6436e+03      5.89e-01       7.53e-02       4.12e+05    \n",
      "      58             87         5.6429e+03      7.36e-01       1.92e-02       4.12e+05    \n",
      "      59             89         5.6423e+03      5.12e-01       8.35e-03       4.12e+05    \n",
      "      60             90         5.6422e+03      1.88e-01       3.73e-02       4.12e+05    \n",
      "      61             91         5.6418e+03      4.01e-01       7.49e-02       4.12e+05    \n",
      "      62             92         5.6408e+03      9.42e-01       1.51e-01       4.12e+05    \n",
      "      63             93         5.6376e+03      3.21e+00       3.04e-01       4.12e+05    \n",
      "      64             94         5.6359e+03      1.71e+00       4.68e-01       4.12e+05    \n",
      "      65             96         5.6342e+03      1.70e+00       1.49e-02       4.12e+05    \n",
      "      66             99         5.6335e+03      7.03e-01       9.12e-04       4.12e+05    \n",
      "      67             100        5.6333e+03      1.38e-01       9.18e-03       4.12e+05    \n",
      "      68             101        5.6330e+03      3.21e-01       1.86e-02       4.12e+05    \n",
      "      69             102        5.6320e+03      1.07e+00       3.79e-02       4.12e+05    \n",
      "      70             104        5.6306e+03      1.40e+00       1.96e-02       4.13e+05    \n",
      "      71             105        5.6303e+03      2.16e-01       2.40e-02       4.13e+05    \n",
      "      72             106        5.6299e+03      4.79e-01       4.70e-02       4.13e+05    \n",
      "      73             107        5.6286e+03      1.29e+00       8.90e-02       4.13e+05    \n",
      "      74             108        5.6270e+03      1.54e+00       1.55e-01       4.13e+05    \n",
      "      75             109        5.6268e+03      2.23e-01       1.29e-01       4.12e+05    \n",
      "      76             110        5.6264e+03      4.00e-01       4.29e-02       4.12e+05    \n",
      "      77             111        5.6259e+03      4.61e-01       3.87e-02       4.12e+05    \n",
      "      78             112        5.6254e+03      5.55e-01       3.35e-02       4.12e+05    \n",
      "      79             113        5.6247e+03      7.28e-01       2.73e-02       4.12e+05    \n",
      "      80             114        5.6234e+03      1.23e+00       1.94e-02       4.12e+05    \n",
      "      81             115        5.6231e+03      3.77e-01       8.65e-03       4.12e+05    \n",
      "      82             116        5.6223e+03      7.82e-01       1.90e-03       4.12e+05    \n",
      "      83             117        5.6216e+03      6.29e-01       1.04e-03       4.12e+05    \n",
      "      84             118        5.6214e+03      2.29e-01       1.12e-02       4.12e+05    \n",
      "      85             119        5.6207e+03      6.65e-01       2.02e-02       4.12e+05    \n",
      "      86             121        5.6203e+03      4.50e-01       8.46e-03       4.12e+05    \n",
      "      87             122        5.6202e+03      1.25e-01       5.73e-02       4.12e+05    \n",
      "      88             123        5.6199e+03      2.62e-01       1.16e-01       4.12e+05    \n",
      "      89             124        5.6193e+03      5.89e-01       2.41e-01       4.12e+05    \n",
      "      90             125        5.6174e+03      1.91e+00       5.23e-01       4.12e+05    \n",
      "      91             127        5.6171e+03      3.19e-01       3.16e-01       4.12e+05    \n",
      "      92             128        5.6162e+03      8.49e-01       7.73e-02       4.12e+05    \n",
      "      93             130        5.6153e+03      9.20e-01       3.97e-02       4.12e+05    \n",
      "      94             132        5.6148e+03      5.29e-01       2.00e-02       4.12e+05    \n",
      "      95             133        5.6147e+03      6.61e-02       1.51e-02       4.12e+05    \n",
      "      96             134        5.6146e+03      1.35e-01       3.00e-02       4.12e+05    \n",
      "      97             135        5.6143e+03      2.84e-01       5.96e-02       4.12e+05    \n",
      "      98             136        5.6137e+03      6.40e-01       1.17e-01       4.12e+05    \n",
      "      99             137        5.6118e+03      1.89e+00       2.26e-01       4.12e+05    \n",
      "      100            138        5.6104e+03      1.41e+00       4.06e-01       4.12e+05    \n",
      "      101            139        5.6089e+03      1.45e+00       1.08e-01       4.12e+05    \n",
      "      102            141        5.6073e+03      1.61e+00       5.08e-02       4.12e+05    \n",
      "      103            143        5.6054e+03      1.87e+00       2.48e-02       4.12e+05    \n",
      "      104            145        5.6049e+03      5.41e-01       1.22e-02       4.12e+05    \n",
      "      105            146        5.6049e+03      3.64e-02       1.59e-02       4.12e+05    \n",
      "      106            147        5.6048e+03      3.67e-02       1.59e-02       4.12e+05    \n",
      "      107            148        5.6048e+03      3.71e-02       1.59e-02       4.12e+05    \n",
      "      108            149        5.6047e+03      3.75e-02       1.59e-02       4.12e+05    \n",
      "      109            150        5.6047e+03      3.79e-02       1.59e-02       4.12e+05    \n",
      "      110            151        5.6047e+03      3.84e-02       1.59e-02       4.12e+05    \n",
      "      111            152        5.6046e+03      3.88e-02       1.60e-02       4.12e+05    \n",
      "      112            153        5.6046e+03      3.93e-02       1.60e-02       4.12e+05    \n",
      "      113            154        5.6046e+03      3.97e-02       1.60e-02       4.12e+05    \n",
      "      114            155        5.6045e+03      4.02e-02       1.60e-02       4.12e+05    \n",
      "      115            156        5.6045e+03      4.07e-02       1.60e-02       4.12e+05    \n",
      "      116            157        5.6044e+03      4.13e-02       1.60e-02       4.12e+05    \n",
      "      117            158        5.6044e+03      4.18e-02       1.60e-02       4.12e+05    \n",
      "      118            159        5.6043e+03      4.24e-02       1.59e-02       4.12e+05    \n",
      "      119            160        5.6043e+03      4.29e-02       1.59e-02       4.12e+05    \n",
      "      120            161        5.6043e+03      4.35e-02       1.59e-02       4.12e+05    \n",
      "      121            162        5.6042e+03      4.42e-02       1.59e-02       4.12e+05    \n",
      "      122            163        5.6042e+03      4.48e-02       1.59e-02       4.12e+05    \n",
      "      123            164        5.6041e+03      4.55e-02       1.59e-02       4.12e+05    \n",
      "      124            165        5.6041e+03      4.62e-02       1.59e-02       4.12e+05    \n",
      "      125            166        5.6040e+03      4.70e-02       1.59e-02       4.12e+05    \n",
      "      126            167        5.6040e+03      4.77e-02       1.59e-02       4.12e+05    \n",
      "      127            168        5.6039e+03      4.85e-02       1.59e-02       4.12e+05    \n",
      "      128            169        5.6039e+03      4.94e-02       1.59e-02       4.12e+05    \n",
      "      129            170        5.6038e+03      5.03e-02       1.59e-02       4.12e+05    \n",
      "      130            171        5.6038e+03      5.12e-02       1.58e-02       4.12e+05    \n",
      "      131            172        5.6037e+03      5.22e-02       1.58e-02       4.12e+05    \n",
      "      132            173        5.6037e+03      5.32e-02       1.58e-02       4.12e+05    \n",
      "      133            174        5.6036e+03      5.42e-02       1.58e-02       4.12e+05    \n",
      "      134            175        5.6036e+03      5.54e-02       1.58e-02       4.12e+05    \n",
      "      135            176        5.6035e+03      5.65e-02       1.57e-02       4.12e+05    \n",
      "      136            177        5.6035e+03      5.78e-02       1.57e-02       4.12e+05    \n",
      "      137            178        5.6034e+03      5.91e-02       1.57e-02       4.12e+05    \n",
      "      138            179        5.6033e+03      6.05e-02       1.56e-02       4.12e+05    \n",
      "      139            180        5.6033e+03      6.19e-02       1.56e-02       4.12e+05    \n",
      "      140            181        5.6032e+03      6.35e-02       1.56e-02       4.12e+05    \n",
      "      141            182        5.6031e+03      6.51e-02       1.55e-02       4.12e+05    \n",
      "      142            183        5.6031e+03      6.69e-02       1.55e-02       4.12e+05    \n",
      "      143            184        5.6030e+03      6.88e-02       1.54e-02       4.12e+05    \n",
      "      144            185        5.6029e+03      7.07e-02       1.53e-02       4.12e+05    \n",
      "      145            186        5.6029e+03      7.29e-02       1.53e-02       4.12e+05    \n",
      "      146            187        5.6028e+03      7.52e-02       1.52e-02       4.12e+05    \n",
      "      147            188        5.6027e+03      7.77e-02       1.51e-02       4.12e+05    \n",
      "      148            189        5.6026e+03      8.04e-02       1.50e-02       4.12e+05    \n",
      "      149            190        5.6026e+03      8.33e-02       1.49e-02       4.12e+05    \n",
      "      150            191        5.6025e+03      8.65e-02       1.48e-02       4.12e+05    \n",
      "      151            192        5.6024e+03      9.00e-02       1.47e-02       4.12e+05    \n",
      "      152            193        5.6023e+03      9.38e-02       1.46e-02       4.12e+05    \n",
      "      153            194        5.6022e+03      9.81e-02       1.45e-02       4.12e+05    \n",
      "      154            195        5.6021e+03      1.03e-01       1.43e-02       4.12e+05    \n",
      "      155            196        5.6020e+03      1.08e-01       1.41e-02       4.12e+05    \n",
      "      156            197        5.6019e+03      1.15e-01       1.39e-02       4.12e+05    \n",
      "      157            198        5.6017e+03      1.22e-01       1.37e-02       4.12e+05    \n",
      "      158            199        5.6016e+03      1.31e-01       1.35e-02       4.12e+05    \n",
      "      159            200        5.6015e+03      1.41e-01       1.32e-02       4.12e+05    \n",
      "      160            201        5.6013e+03      1.55e-01       1.30e-02       4.12e+05    \n",
      "      161            202        5.6011e+03      1.72e-01       1.27e-02       4.12e+05    \n",
      "      162            203        5.6009e+03      1.96e-01       1.23e-02       4.12e+05    \n",
      "      163            204        5.6007e+03      2.29e-01       1.20e-02       4.12e+05    \n",
      "      164            205        5.6004e+03      2.81e-01       1.17e-02       4.12e+05    \n",
      "      165            206        5.6001e+03      3.71e-01       1.14e-02       4.12e+05    \n",
      "      166            207        5.5995e+03      5.50e-01       1.11e-02       4.12e+05    \n",
      "      167            208        5.5987e+03      8.20e-01       1.09e-02       4.12e+05    \n",
      "      168            209        5.5987e+03      2.23e-02       6.88e-03       4.12e+05    \n",
      "      169            210        5.5986e+03      4.50e-02       1.38e-02       4.12e+05    \n",
      "      170            211        5.5985e+03      9.15e-02       2.77e-02       4.12e+05    \n",
      "      171            212        5.5983e+03      1.90e-01       5.60e-02       4.12e+05    \n",
      "      172            213        5.5979e+03      4.12e-01       1.14e-01       4.12e+05    \n",
      "      173            214        5.5969e+03      1.05e+00       2.39e-01       4.12e+05    \n",
      "      174            215        5.5947e+03      2.19e+00       5.20e-01       4.12e+05    \n",
      "      175            216        5.5941e+03      5.65e-01       1.09e+00       4.12e+05    \n",
      "      176            217        5.5905e+03      3.58e+00       2.53e-01       4.12e+05    \n",
      "      177            219        5.5901e+03      4.07e-01       1.38e-01       4.12e+05    \n",
      "      178            220        5.5883e+03      1.83e+00       3.45e-02       4.12e+05    \n",
      "      179            221        5.5880e+03      2.70e-01       3.69e-03       4.12e+05    \n",
      "      180            222        5.5873e+03      7.76e-01       7.49e-03       4.12e+05    \n",
      "      181            224        5.5865e+03      7.78e-01       3.86e-03       4.12e+05    \n",
      "      182            226        5.5856e+03      8.95e-01       1.96e-03       4.12e+05    \n",
      "      183            228        5.5843e+03      1.30e+00       9.83e-04       4.12e+05    \n",
      "      184            230        5.5837e+03      6.34e-01       4.92e-04       4.12e+05    \n",
      "      185            232        5.5832e+03      4.60e-01       1.23e-04       4.12e+05    \n",
      "      186            233        5.5832e+03      2.44e-03       2.62e-05       4.12e+05    \n",
      "      187            234        5.5832e+03      4.89e-03       5.24e-05       4.12e+05    \n",
      "      188            235        5.5832e+03      9.78e-03       1.05e-04       4.12e+05    \n",
      "      189            236        5.5832e+03      1.96e-02       2.09e-04       4.12e+05    \n",
      "      190            237        5.5831e+03      3.92e-02       4.18e-04       4.12e+05    \n",
      "      191            238        5.5830e+03      7.89e-02       8.35e-04       4.12e+05    \n",
      "      192            239        5.5829e+03      1.61e-01       1.66e-03       4.12e+05    \n",
      "      193            240        5.5825e+03      3.47e-01       3.30e-03       4.12e+05    \n",
      "      194            241        5.5816e+03      9.19e-01       6.44e-03       4.12e+05    \n",
      "      195            242        5.5813e+03      3.19e-01       1.20e-02       4.12e+05    \n",
      "      196            243        5.5806e+03      6.77e-01       2.91e-03       4.12e+05    \n",
      "      197            244        5.5804e+03      2.27e-01       5.68e-03       4.12e+05    \n",
      "      198            245        5.5796e+03      8.36e-01       1.43e-03       4.12e+05    \n",
      "      199            247        5.5786e+03      9.87e-01       7.01e-04       4.12e+05    \n",
      "      200            249        5.5769e+03      1.72e+00       3.49e-04       4.12e+05    \n",
      "      201            252        5.5762e+03      6.92e-01       4.36e-05       4.12e+05    \n",
